-5.8440846
-0.92811494
-0.76670614
-0.98777807
0.068266055
-0.90204032
-0.96099601
-0.85654155
-0.77750847
-0.88352768
-0.86016995
-0.093379299
-0.50212387
-1.0060393
-0.90987229
0.3701788
-1.0816275
-0.82883199
0.43419039
0.35494457
-0.93599307
-0.32174439
-1.0108898
-0.96683091
0.4993525
-0.94318664
-0.86339682
-0.9922587
0.18851772
0.31103647
1.2766776
0.93978482
-0.97318731
-0.8444507
-0.9695964
-0.80025454
-0.84354535
-0.91732711
-0.21859226
0.0087070347
-0.64281679
0.56799214
-0.29035639
0.028519718
0.82171957
-0.16727503
-0.75198851
0.36881151
-0.4843104
0.83986059
0.62040056
0.60710574
-0.47377709
-0.81229506
-0.89898701
0.18586926
0.24864798
0.16436662
0.063284387
-0.30025225
0.072964076
-1.2115087
-1.3152934
-0.89908722
-1.0196979
-0.93293107
-1.0661379
-0.28110417
-0.46704572
-0.4808979
-0.20650723
0.48426719
0.10987413
0.17699254
0.060497472
0.14481731
1.0758409
0.26509159
0.72302274
-0.0010039156
0.2851494
0.5356953
-0.98775542
-1.3449693
-0.94689292
-0.13756472
0.14858518
0.12830092
-0.051675066
-0.33902165
-1.2212269
0.37124806
-0.77107634
-0.74069492
-0.8013468
-0.86573456
-0.67469346
0.41865611
0.63039928
-0.91969251
-1.2405581
-0.90342104
0.17216712
-0.89780385
-0.85720394
-0.67123598
-0.85879633
-0.21825892
0.070716821
-0.28540127
-0.22511607
-0.18197078
-0.59769782
-0.85724284
-0.97812114
-0.38401902
-0.17617418
0.72066625
0.86645071
0.78473996
0.15342036
0.772105
-0.55198191
-1.0277325
-0.91987768
0.21984612
0.41772498
0.063980848
0.56594439
0.41091819
0.5354337
-0.5715162
-0.73292671
-0.35922753
0.85436073
0.92790667
0.21854151
0.25512414
-0.29850711
-0.79329134
-0.95704479
-0.69607381
-0.98342061
-0.88282492
0.33474631
0.32781998
-0.086652364
0.040816801
0.047361165
0.17285458
0.65434852
0.83776365
0.4778825
-0.8946231
-0.97930083
-1.0994922
-0.014547133
0.16122086
0.11876614
0.015363339
-0.61227086
-0.28093553
0.042136185
1.1310076
0.3015917
-0.75185109
-0.9138939
-1.0615383
-0.20416575
-0.71962789
-0.39350981
-0.045132663
-0.18813928
-1.0461441
-1.0632751
-1.4536473
0.2381833
1.2178094
0.086206174
0.37687851
0.59935718
1.5335227
0.62672937
-0.061358375
-0.047670545
-0.85571083
-1.1290094
-0.35315955
0.19983214
-0.25516618
0.12575281
-0.94905916
-0.95440221
-0.61985796
0.39419262
-0.28522012
-0.53209505
-0.5070509
-0.58416793
-0.53563829
-0.92806844
-1.1025119
-0.78409001
-0.24155272
-0.40974381
0.14065358
-0.14789977
-0.80562354
-0.10967868
0.37934633
0.59106033
0.13238399
-0.22091904
0.6846662
0.36717059
-1.1461966
-0.98079605
-0.12787569
0.0351252
-0.049867285
-0.19866711
-0.15497986
-0.24745119
-0.20889053
-0.15017081
-0.17540217
0.13368727
-0.08021838
-1.2795219
-0.84589856
0.32027635
-0.32293458
-0.8854415
-0.18038568
-0.64354939
-0.86491083
-0.77134836
-0.42738298
-1.1617309
-1.14851
-1.1179735
-0.91673221
-0.83035971
-0.79061895
-0.37155253
-0.80001234
-0.85111482
-1.2743103
0.30650972
-0.17844072
-0.058676697
-0.11008668
-0.14300697
-0.17352483
-0.0404884
-0.33313967
0.10838243
-0.13281988
0.081237226
0.034113786
-0.86415155
-1.1042431
-0.78657018
-0.96344854
-0.044876434
0.22290996
-0.88810904
0.30326302
-0.7219589
-0.60134354
-0.97044632
-0.81525811
-0.80035514
-0.77691025
-0.86856229
0.10029193
-0.83149695
-0.76317791
-0.68640632
-0.92865853
-1.0392653
-1.0462323
-1.1721471
-0.30664079
0.20794199
-0.068923259
0.066847843
0.30152976
-0.050301304
-0.85446938
-0.10068374
0.0032785953
0.33565852
-1.061362
-0.68303263
-0.75009048
-0.12893402
-0.45658142
-0.8092099
-1.2981877
-1.0978409
0.035618822
-0.71953144
-0.96443274
-0.71385147
0.20998102
-0.036545325
0.40494334
-0.24079032
-0.23063692
-0.61017777
-1.0360931
-0.92688929
-1.2042607
-0.20563552
-0.077704436
0.031539572
-0.072055369
0.092292454
-0.26983396
-0.34838003
-0.45982644
-0.41881997
0.17019118
0.23434476
0.23347666
-0.1257714
-0.96677892
-0.59566844
-0.88358763
-0.74502498
-1.2497093
-1.1247528
-1.1802095
-1.2974374
0.33421376
1.5092857
0.56559207
0.34642162
-0.0449438
0.049241984
-1.2285813
-1.1894159
-0.84128265
-0.89873398
-1.2546712
-0.59889757
-0.77777156
-0.036489957
-0.00057813317
-0.85166565
-1.0053653
-0.44850486
0.64862131
-0.35845657
-0.80703125
-1.0081682
-1.0188544
-0.84807657
-0.77237388
-0.49355017
0.41455044
-0.082040256
-0.80115592
-0.71849778
-0.048823238
-0.22412402
-0.26449896
-0.22829192
-0.12252926
-0.031184641
-0.20558704
-0.2886472
-0.25411976
-0.17524235
-0.65318752
-0.0046927815
-0.14290385
-0.20986493
-0.17434059
-0.87348907
-1.162167
-0.90788196
0.02355348
-0.26817053
-0.069292793
-0.13154746
-0.1483546
0.31400833
0.58969638
0.2295686
-0.37356074
-0.72547181
-0.81981313
-0.87726915
-0.96885289
-0.9635222
-1.0134035
-0.82689145
0.79939682
-0.22310487
0.0052383848
-1.2026243
0.51610358
-1.0905955
-1.0511597
-0.84176312
-0.48734488
-0.7891199
-0.94661978
-0.77914033
-1.4766125
0.17727198
-0.05469771
0.29255102
-0.085565021
-0.19574815
-0.41016535
0.17955801
0.69367641
0.23892959
-0.0059547472
0.15904097
-0.55407085
-0.30018961
-0.35391524
-0.23618358
-0.24973678
-0.32439249
-0.40664551
0.5525517
-0.17525346
-0.072365299
0.29602585
-0.50214614
-0.665761
0.060789356
-0.47912724
-1.2312612
-0.64120833
-0.33881298
-0.79630276
0.87006509
0.36494927
0.40737033
0.1086105
-0.008495481
-0.11606626
-0.17613805
-0.044343232
-0.23958594
-0.15688777
-0.28708879
-0.33844914
-0.67132965
-1.1320483
-0.84320934
-0.803823
-0.81860509
-0.77213926
-0.72856071
-0.49438207
0.59314386
0.52174537
-0.71015778
